F1: [0.9065564168386303, 0.9079909479697683, 0.9112510869730817]
IoU: [0.8580216932621241, 0.8603833839262586, 0.8670125828596409]
Out: S:\sota\project\paper_outputs\ablation_study.png
