Precision: 0.917349
Recall: 0.909798
F1: 0.911731
IoU: 0.867011
AUC: 0.874730
